500360626726374.44
500360626726374.94
500358339397331.1
500353764710854.9
500346902630839.2
500337753112919.56
500326316104524.7
500312591544883.7
500296579365026.75
500278279487784.1
500257691827784.0
500234816291450.56
500209652777000.8
500182201174441.7
500152461365566.25
500120433223950.5
500086116614948.7
500049511395689.5
500010617415070.9
499969434513755.56
499925962524165.25
499880201270475.56
499832150568609.75
499781810226232.9
499729180042744.94
499674259809274.4
499617049308670.9
499557548315498.2
499495756596025.94
499431673908222.25
499365300001744.94
499296634617933.2
499225677489798.6
499152428342015.8
499076886890913.1
498999052844462.7
498918925902270.1
498836505755564.44
498751792087186.8
498664784571579.94
498575482874776.25
498483886654386.56
498389995559587.75
498293809231110.44
498195327301226.7
498094549393736.4
497991475123954.6
497886104098697.56
497778435916268.75
497668470166444.75
497556206430460.56
497441644280994.8
497324783282154.25
497205622989458.5
497084162949823.8
496960402701547.06
496834341774289.1
496705979689058.0
496575315958191.4
496442350085339.2
496307081565445.94
496169509884731.8
496029634520674.75
495887454941991.06
495742970608616.25
495596180971685.4
495447085473513.06
495295683547573.2
495141974618478.0
494985958101957.4
494827633404837.06
494666999925017.1
494504057051449.6
494338804164116.5
494171240634006.1
494001365823090.5
493829179084301.6
493654679761507.1
493477867189486.44
493298740693905.6
493117299591292.7
492933543189011.44
492747470785236.4
492559081668925.9
492368375119795.56
492175350408291.7
491980006795563.1
491782343533433.8
491582359864374.4
491380055021473.75
491175428228409.7
490968478699419.7
490759205639270.75
490547608243229.3
490333685697030.5
490117437176846.8
489898861849256.8
489677958871212.8
489454727390008.7
489229166543246.94
489001275458805.2
488771053254802.75
488538499039566.1
488303611911594.5
488066390959524.6
487826835262095.25
487584943888110.94
487340715896405.8
487094150335806.3
486845246245094.06
486594002652967.6
486340418578004.1
486084493028620.75
485826225003034.9
485565613489224.3
485302657464887.1
485037355897400.44
484769707743779.2
484499711950634.25
484227367454129.8
483952673179940.56
483675628043208.06
483396230948496.75
483114480789749.5
482830376450242.25
482543916802538.44
482255100708442.8
481963927018954.4
481670394574219.44
481374502203483.25
481076248725041.75
480775632946192.1
480472653663183.44
480167309661166.1
479859599714141.0
479549522584907.94
479237077025013.44
478922261774698.06
478605075562842.75
478285517106915.1
477963585112914.3
477639278275316.0
477312595277016.0
476983534789273.8
476652095471655.2
476318275971973.9
475982074926233.2
475643490958565.94
475302522681174.9
474959168694271.44
474613427586014.06
474265297932446.06
473914778297432.1
473561867232594.7
473206563277249.25
472848864958338.94
472488770790368.0
472126279275335.3
471761388902666.2
471394098149143.7
471024405478839.5
470652309343043.4
470277808180191.8
469900900415796.56
469521584462371.4
469139858719358.25
468755721573052.9
468369171396529.0
467980206549562.2
467588825378551.94
467195026216443.75
466798807382649.8
466400167182968.3
465999103909502.6
465595615840578.9
465189701240662.75
464781358360275.06
464370585435906.5
463957380689931.4
463541742330519.94
463123668551550.1
462703157532517.75
462280207438445.75
461854816419792.44
461426982612358.3
460996704137192.1
460563979100495.3
460128805593525.56
459691181692498.8
459251105458490.6
458808574937335.5
458363588159525.75
457916143140108.44
457466237878581.1
457013870358786.75
456559038548806.6
456101740400852.06
455641973851155.3
455179736819858.0
454715027210899.1
454247842911900.9
453778181794053.5
453306041711998.3
452831420503709.4
452354315990373.3
451874725976268.2
451392648248640.0
450908080577578.06
450421020715888.8
449931466398967.25
449439415344667.5
448944865253171.06
448447813806853.8
447948258670150.44
447446197489417.8
446941627892796.4
446434547490068.94
445924953872518.6
445412844612783.94
444898217264712.6
444381069363212.8
443861398424102.56
443339201943957.25
442814477399954.7
442287222249718.1
441757433931157.3
441225109862307.0
440690247441163.1
440152844045517.2
439612897032787.75
439070403739849.6
438525361482861.06
437977767557087.7
437427619236724.75
436874913774716.3
436319648402571.8
435761820330180.06
435201426745620.9
434638464814973.1
434072931682120.94
433504824468556.4
432934140273179.25
432360876172094.56
431785029218406.0
431206596442007.3
430625574849369.75
430041961423326.75
429455753122855.4
428866946882854.4
428275539613918.56
427681528202110.5
427084909508727.75
426485680370067.4
425883837597186.4
425279377975658.4
424672298265326.9
424062595200054.4
423450265487467.56
422835305808698.75
422217712818122.8
421597483143090.7
420974613383657.7
420349100112308.44
419720939873676.5
419090129184260.56
418456664532134.9
417820542376656.06
417181759148164.25
416540311247680.44
415896195046597.6
415249406886367.9
414599943078183.8
413947799902655.06
413292973609478.94
412635460417106.06
411975256512400.1
411312358050292.1
410646761153428.9
409978461911815.0
409307456382449.75
408633740588956.75
407957310521208.06
407278162134941.5
406596291351371.44
405911694056792.9
405224366102178.7
404534303302769.7
403841501437657.9
403145956249362.0
402447663443395.8
401746618687828.9
401042817612839.1
400336255810258.0
399626928833107.06
398914832195126.5
398199961370295.0
397482311792341.2
396761878854245.56
396038657907734.7
395312644262764.44
394583833186995.2
393852219905256.5
393117799599002.4
392380567405755.94
391640518418544.3
390897647685322.75
390151950208387.44
389403420943778.3
388652054800669.4
387897846640748.44
387140791277584.5
386380883475983.0
385618117951329.4
384852489368918.7
384083992343273.9
383312621437449.25
382538371162321.7
381761235975867.06
380981210282422.75
380198288431935.94
379412464719196.5
378623733383055.0
377832088605625.0
377037524511469.44
376240035166770.5
375439614578482.9
374636256693470.06
373829955397622.7
373020704514959.1
372208497806707.56
371393328970369.5
370575191638763.3
369754079379048.5
368929985691729.56
368102904009638.9
367272827696898.25
366439750047858.94
365603664286018.94
364764563562917.1
363922440957004.56
363077289472490.9
362229102038166.4
361377871506198.3
360523590650901.8
359666252167483.25
358805848670756.75
357942372693832.44
357075816686775.94
356206173015237.9
355333433959053.5
354457591710810.8
353578638374386.75
352696565963450.56
351811366399933.5
350923031512463.56
350031553034765.06
349136922604021.56
348239131759201.1
347338171939343.0
346434034481805.2
345526710620470.7
344616191483912.44
343702468093515.2
342785531361552.75
341865372089220.94
340941980964622.56
340015348560705.6
339085465333151.3
338152321618211.94
337215907630496.3
336276213460701.56
335333229073289.9
334386944304108.4
333437348857950.44
332484432306057.25
331528184083556.8
330568593486840.1
329605649670870.8
328639341646428.0
327669658277279.1
326696588277281.25
325720120207408.7
324740242472704.44
323756943319153.44
322770210830474.75
321780032924830.9
320786397351451.3
319789291687167.1
318788703332855.1
317784619509787.25
316777027255883.44
315765913421864.1
314751264667299.56
313733067456552.6
312711308054611.75
311685972522809.75
310657046714426.2
309624516270168.2
308588366613526.4
307548582946001.5
306505150242198.06
305458053244779.4
304407276459280.75
303352804148774.94
302294620328385.5
301232708759642.6
300167052944675.6
299097636120237.75
298024441251555.6
296947451025999.0
295866647846563.1
294782013825158.06
293693530775697.56
292601180206980.6
291504943315357.7
290404800977174.94
289300733740987.0
288192721819530.9
287080745081451.56
285964783042770.6
284844814858087.56
283720819311504.56
282592774807263.5
281460659360085.12
280324450585197.78
279184125688045.0
278039661453658.7
276891034235684.75
275738219945048.2
274581194038242.5
273419931505229.25
272254406856931.3
271084594112304.0
269910466784966.38
268731997869375.2
267549159826522.1
266361924569134.4
265170263446358.66
263974147227905.06
262773546087629.9
261568429586531.62
260358766655135.47
259144525575239.84
257925673960996.53
256702178739295.12
255474006129420.8
254241121621952.53
253003489956867.72
251761075100816.3
250513840223527.2
249261747673305.28
248004758951577.75
246742834686444.1
245475934605182.53
244204017505662.72
242927041226611.72
241644962616677.44
240357737502229.78
239065320653836.97
237767665751350.97
236464725347530.47
235156450830128.12
233842792382361.44
232523698941684.16
231199118156768.34
229868996342602.3
228533278433603.53
227191907934638.97
225844826869839.06
224491975729082.56
223133293412023.9
221768717169523.38
220398182542333.3
219021623296882.44
217638971357989.6
216250156738326.94
214855107464440.06
213453749499117.9
212046006659892.25
210631800533428.56
209211050385554.47
207783673066652.03
206349582912119.9
204908691637589.4
203460908228554.06
202006138824045.97
200544286593962.84
199075251609619.72
197598930707062.75
196115217342647.2
194624001440338.72
193125169230153.1
191618603077099.2
190104181299936.2
188581777978995.8
187051262752253.72
185512500598762.9
183965351608479.47
182409670737424.03
180845307547022.12
179272105926358.22
177689903795956.44
176098532791565.7
174497817926276.97
172887577229131.53
171267621358192.22
169637753185838.38
167997767353810.16
166347449795262.28
164686577220789.22
163014916565046.47
161332224390213.56
159638246242111.78
157932715954302.4
156215354894933.78
154485871150472.16
152743958639726.75
150989296150749.75
149221546292238.4
147440354349970.25
145645347037534.53
143836131129157.3
142012291960713.97
140173391783039.31
138318967949326.94
136448530915692.3
134561562030775.02
132657511086480.81
130735793597486.4
128795787771803.67
126836831128333.02
124858216709692.5
122859188829393.11
120838938281261.45
118796596925405.98
116731231548361.86
114641836874527.14
112527327580573.28
110386529132796.83
108218167227554.34
106020855564551.27
103793081618548.17
101533189992527.42
99239362828359.95
96909596610938.16
94541674516485.66
92133133208021.11
89681222645673.94
87182857019837.19
84634554275790.02
82032360795272.2
79371756502638.7
76647533762458.61
73853640592313.23
70982974360279.8
68027105288021.23
64975897977783.48
61816980546719.5
58534978389917.734
55110369939857.42
51517706159266.27
47722695440102.66
43677112634823.09
39309119845122.82
34502569176631.48
29044261196311.215
22442596948261.934
12627625403335.246
