0.0
3.279769839235536e+25
2.6238053762801282e+26
8.855282610306496e+26
2.0990098167673503e+27
4.0995779600371233e+27
7.083963855036526e+27
1.1248871676654039e+28
1.6790973211844825e+28
2.390690246063748e+28
3.2793250236724384e+28
4.3646558767587215e+28
5.666331629410915e+28
7.2039951669625315e+28
8.997282895836291e+28
1.1065824203322246e+29
1.3429240917285153e+29
1.6107146765796254e+29
1.911914683668455e+29
2.248483703700273e+29
2.6223803552402875e+29
3.0355622306417018e+29
3.48998584196377e+29
3.9876065668793644e+29
4.5303785945715544e+29
5.12025487161872e+29
5.7591870478676935e+29
6.449125422294453e+29
7.192018888851854e+29
7.989814882303918e+29
8.84445932404619e+29
9.757896567911644e+29
1.0732069345961671e+30
1.1768918714261618e+30
1.2870383998640404e+30
1.4038402740433704e+30
1.5274910642210208e+30
1.658184151348043e+30
1.7961127216387574e+30
1.9414697611379995e+30
2.0944480502864648e+30
2.2552401584841147e+30
2.4240384386515808e+30
2.6010350217895243e+30
2.786421811535895e+30
2.9803904787210433e+30
3.1831324559206264e+30
3.394838932006267e+30
3.6157008466939024e+30
3.845908885089781e+30
4.0856534722340455e+30
4.335124767641864e+30
4.594512659842039e+30
4.864006760913053e+30
5.143796401016502e+30
5.434070622927849e+30
5.735018176564461e+30
6.046827513510864e+30
6.369686781541166e+30
6.703783819138599e+30
7.049306150012124e+30
7.406440977610036e+30
7.775375179630531e+30
8.156295302529169e+30
8.549387556023177e+30
8.954837807592545e+30
9.372831576977862e+30
9.803554030674814e+30
1.024718997642533e+31
1.0703923857705274e+31
1.1173939748208652e+31
1.1657421346328287e+31
1.2154551969632882e+31
1.2665514549340427e+31
1.3190491624787888e+31
1.3729665337897134e+31
1.4283217427637013e+31
1.4851329224481566e+31
1.5434181644864283e+31
1.6031955185628337e+31
1.6644829918472796e+31
1.7272985484394665e+31
1.7916601088126794e+31
1.8575855492571495e+31
1.9250927013229909e+31
1.9941993512626968e+31
2.0649232394731964e+31
2.1372820599374623e+31
2.211293459665664e+31
2.2869750381358603e+31
2.3643443467342262e+31
2.4434188881948054e+31
2.524216116038783e+31
2.606753434013278e+31
2.691048195529636e+31
2.777117703101228e+31
2.864979207780749e+31
2.9546499085969945e+31
3.0461469519911324e+31
3.1394874312524394e+31
3.234688385953516e+31
3.331766801384959e+31
3.430739607989491e+31
3.5316236807955415e+31
3.6344358388502693e+31
3.7391928446520216e+31
3.845911403582222e+31
3.954608163336682e+31
4.065299713356323e+31
4.178002584257318e+31
4.292733247260623e+31
4.409508113620911e+31
4.528343534054889e+31
4.649255798168996e+31
4.772261133886481e+31
4.897375706873834e+31
5.024615619966589e+31
5.153996912594473e+31
5.2855355602058915e+31
5.419247473691766e+31
5.555148498808692e+31
5.693254415601414e+31
5.833580937824624e+31
5.9761437123640625e+31
6.120958318656917e+31
6.268040268111512e+31
6.417405003526284e+31
6.569067898508029e+31
6.723044256889422e+31
6.879349312145787e+31
7.037998226811134e+31
7.199006091893416e+31
7.362387926289045e+31
7.52815867619662e+31
7.696333214529877e+31
7.86692634032985e+31
8.039952778176236e+31
8.215427177597944e+31
8.393364112482842e+31
8.573778080486672e+31
8.756683502441122e+31
8.942094721761084e+31
9.130026003851034e+31
9.320491535510566e+31
9.513505424339054e+31
9.709081698139442e+31
9.907234304321134e+31
1.0107977109302006e+32
1.0311323897909496e+32
1.0517288372780794e+32
1.072588415376209e+32
1.093712477730691e+32
1.1151023695873488e+32
1.1367594277321199e+32
1.1586849804306021e+32
1.180880347367503e+32
1.20334683958599e+32
1.226085759426943e+32
1.2490984004681048e+32
1.2723860474631315e+32
1.2959499762805391e+32
1.319791453842548e+32
1.3439117380638227e+32
1.3683120777901051e+32
1.3929937127367415e+32
1.4179578734271028e+32
1.4432057811308945e+32
1.4687386478023569e+32
1.4945576760183557e+32
1.5206640589163576e+32
1.5470589801322956e+32
1.573743613738317e+32
1.6007191241804185e+32
1.6279866662159612e+32
1.65554738485107e+32
1.6834024152779134e+32
1.7115528828118603e+32
1.7399999028285197e+32
1.7687445807006533e+32
1.7977880117349646e+32
1.8271312811087644e+32
1.856775463806508e+32
1.8867216245562034e+32
1.916970817765693e+32
1.9475240874588025e+32
1.978382467211356e+32
2.0095469800870624e+32
2.0410186385732626e+32
2.0727984445165433e+32
2.1048873890582102e+32
2.1372864525696266e+32
2.1699966045874073e+32
2.2030188037484728e+32
2.23635399772496e+32
2.2700031231589867e+32
2.303967105597273e+32
2.33824685942561e+32
2.372843287803183e+32
2.407757282596743e+32
2.4429897243146236e+32
2.4785414820406077e+32
2.5144134133676334e+32
2.5506063643313477e+32
2.5871211693434964e+32
2.6239586511251576e+32
2.6611196206398105e+32
2.6986048770262396e+32
2.7364152075312743e+32
2.7745513874423623e+32
2.8130141800199692e+32
2.8518043364298126e+32
2.8909225956749177e+32
2.9303696845275036e+32
2.970146317460687e+32
3.0102531965800134e+32
3.0506910115548036e+32
3.0914604395493182e+32
3.1325621451537394e+32
3.1739967803149663e+32
3.2157649842672197e+32
3.257867383462458e+32
3.300304591500602e+32
3.343077209059562e+32
3.3861858238250665e+32
3.429631010420301e+32
3.473413330335336e+32
3.517533331856355e+32
3.5619915499946815e+32
3.606788506415585e+32
3.6519247093668965e+32
3.697400653607393e+32
3.7432168203349754e+32
3.7893736771146316e+32
3.835871677806175e+32
3.8827112624917604e+32
3.9298928574031794e+32
3.977416874848924e+32
4.025283713141024e+32
4.073493756521646e+32
4.1220473750894684e+32
4.170944924725802e+32
4.2201867470204864e+32
4.269773169197532e+32
4.319704504040518e+32
4.369981049817744e+32
4.4206030902071264e+32
4.471570894220842e+32
4.52288471612971e+32
4.574544795387316e+32
4.62655135655387e+32
4.678904609219798e+32
4.731604747929062e+32
4.7846519521022035e+32
4.838046385959116e+32
4.8917881984415306e+32
4.945877523135221e+32
5.0003144781919175e+32
5.055099166250934e+32
5.1102316743605e+32
5.165712073898786e+32
5.22154042049464e+32
5.277716753948008e+32
5.3342410981500476e+32
5.391113461002929e+32
5.448333834339318e+32
5.505902193841535e+32
5.563818498960393e+32
5.622082692833697e+32
5.6806947022044246e+32
5.7396544373385475e+32
5.798961791942526e+32
5.85861664308045e+32
5.91861885109083e+32
5.978968259503025e+32
6.039664694953318e+32
6.100707967100623e+32
6.1620978685418156e+32
6.223834174726688e+32
6.285916643872532e+32
6.3483450168783264e+32
6.4111190172385355e+32
6.474238350956511e+32
6.537702706457488e+32
6.601511754501183e+32
6.665665148093963e+32
6.730162522400609e+32
6.795003494655644e+32
6.860187664074238e+32
6.925714611762667e+32
6.991583900628336e+32
7.057795075289344e+32
7.124347661983605e+32
7.191241168477483e+32
7.258475083973989e+32
7.326048879020467e+32
7.393962005415825e+32
7.462213896117255e+32
7.530803965146468e+32
7.599731607495413e+32
7.668996199031488e+32
7.738597096402233e+32
7.808533636939483e+32
7.878805138563002e+32
7.94941089968355e+32
8.020350199105411e+32
8.091622295928357e+32
8.163226429449041e+32
8.2351618190618e+32
8.307427664158885e+32
8.380023144030079e+32
8.452947417761715e+32
8.526199624135076e+32
8.599778881524163e+32
8.673684287792827e+32
8.747914920191258e+32
8.822469835251808e+32
8.897348068684144e+32
8.972548635269736e+32
9.048070528755625e+32
9.12391272174752e+32
9.200074165602152e+32
9.276553790318919e+32
9.353350504430782e+32
9.43046319489441e+32
9.507890726979571e+32
9.585631944157718e+32
9.663685667989818e+32
9.742050698013347e+32
9.820725811628475e+32
9.899709763983427e+32
9.979001287858973e+32
1.0058599093552076e+33
1.0138501868758643e+33
1.0218708278455392e+33
1.02992169647808e+33
1.038002654691513e+33
1.0461135620959498e+33
1.0542542759813995e+33
1.062424651305482e+33
1.0706245406810406e+33
1.0788537943636537e+33
1.0871122602390437e+33
1.0953997838103776e+33
1.1037162081854625e+33
1.1120613740638297e+33
1.1204351197237077e+33
1.1288372810088811e+33
1.1372676913154325e+33
1.1457261815783667e+33
1.1542125802581139e+33
1.162726713326909e+33
1.1712684042550449e+33
1.1798374739969997e+33
1.1884337409774294e+33
1.1970570210770307e+33
1.2057071276182646e+33
1.2143838713509428e+33
1.2230870604376716e+33
1.2318165004391503e+33
1.2405719942993234e+33
1.2493533423303788e+33
1.258160342197595e+33
1.2669927889040288e+33
1.2758504747750424e+33
1.2847331894426678e+33
1.2936407198298001e+33
1.3025728501342222e+33
1.3115293618124536e+33
1.3205100335634185e+33
1.329514641311933e+33
1.3385429581920036e+33
1.347594754529935e+33
1.3566697978272415e+33
1.3657678527433597e+33
1.3748886810781557e+33
1.3840320417542223e+33
1.3931976907989633e+33
1.4023853813264575e+33
1.411594863519101e+33
1.420825884609015e+33
1.4300781888592255e+33
1.4393515175445958e+33
1.4486456089325177e+33
1.4579601982633486e+33
1.46729501773059e+33
1.4766497964608036e+33
1.4860242604932538e+33
1.4954181327592756e+33
1.5048311330613548e+33
1.5142629780519202e+33
1.523713381211834e+33
1.533182052828579e+33
1.5426686999741277e+33
1.5521730264824954e+33
1.5616947329269563e+33
1.571233516596926e+33
1.5807890714744937e+33
1.5903610882106e+33
1.5999492541008467e+33
1.6095532530609326e+33
1.6191727656017032e+33
1.6288074688038042e+33
1.6384570362919292e+33
1.64812113820865e+33
1.6577994411878183e+33
1.667491608327526e+33
1.677197299162614e+33
1.6869161696367148e+33
1.6966478720738182e+33
1.7063920551493448e+33
1.7161483638607137e+33
1.725916439497391e+33
1.7356959196104044e+33
1.7454864379813065e+33
1.7552876245905723e+33
1.765099105585416e+33
1.774920503247006e+33
1.784751435957065e+33
1.7945915181638323e+33
1.8044403603473737e+33
1.8142975689842168e+33
1.8241627465112887e+33
1.8340354912891446e+33
1.8439153975644504e+33
1.8538020554317105e+33
1.8636950507942108e+33
1.8735939653241486e+33
1.8834983764219334e+33
1.8934078571746236e+33
1.9033219763134765e+33
1.913240298170579e+33
1.9231623826345342e+33
1.9330877851051697e+33
1.943016056447233e+33
1.9529467429430467e+33
1.9628793862440865e+33
1.9728135233214393e+33
1.982748686415116e+33
1.9926844029821674e+33
2.002620195643569e+33
2.0125555821298325e+33
2.022490075225296e+33
2.0324231827110463e+33
2.0423544073064315e+33
2.0522832466091033e+33
2.062209193033545e+33
2.072131733748025e+33
2.0820503506099207e+33
2.091964520099352e+33
2.1018737132510606e+33
2.111777395584472e+33
2.121675027031868e+33
2.1315660618646025e+33
2.1414499486172795e+33
2.1513261300098198e+33
2.1611940428673312e+33
2.1710531180376958e+33
2.180902780306785e+33
2.1907424483112052e+33
2.2005715344484775e+33
2.210389444784542e+33
2.2201955789584817e+33
2.2299893300843474e+33
2.2397700846499614e+33
2.2495372224125774e+33
2.259290116291254e+33
2.2690281322558088e+33
2.278750629212197e+33
2.288456958884164e+33
2.2981464656909997e+33
2.3078184866212276e+33
2.3174723511020363e+33
2.327107380864267e+33
2.3367228898027448e+33
2.346318183831741e+33
2.3558925607353365e+33
2.365445310012439e+33
2.3749757127162021e+33
2.384483041287573e+33
2.393966559382673e+33
2.4034255216937143e+33
2.4128591737631192e+33
2.4222667517905017e+33
2.431647482432139e+33
2.4410005825925448e+33
2.450325259207729e+33
2.4596207090196964e+33
2.468886118341715e+33
2.478120662813848e+33
2.4873235071482115e+33
2.496493804863381e+33
2.5056306980073324e+33
2.5147333168682571e+33
2.5238007796725452e+33
2.5328321922691809e+33
2.5418266477997352e+33
2.5507832263530828e+33
2.5597009946039065e+33
2.5685790054339732e+33
2.5774162975350965e+33
2.5862118949926073e+33
2.5949648068480652e+33
2.603674026639835e+33
2.612338531920046e+33
2.620957283746321e+33
2.629529226146535e+33
2.6380532855546887e+33
2.6465283702158555e+33
2.6549533695579347e+33
2.6633271535277645e+33
2.671648571888913e+33
2.679916453478219e+33
2.6881296054178606e+33
2.69628681227944e+33
2.704386835196193e+33
2.712428410919064e+33
2.7204102508119405e+33
2.728331039780835e+33
2.736189435131262e+33
2.7439840653474145e+33
2.751713528786034e+33
2.759376392277059e+33
2.766971189622209e+33
2.7744964199816194e+33
2.7819505461374136e+33
2.789331992621741e+33
2.7966391436951904e+33
2.8038703411596656e+33
2.811023881987656e+33
2.818098015747366e+33
2.825090941800245e+33
2.8320008062440854e+33
2.8388256985708186e+33
2.845563648003439e+33
2.852212619470836e+33
2.858770509172628e+33
2.865235139678034e+33
2.871604254493138e+33
2.8778755120191146e+33
2.884046478809675e+33
2.890114622018338e+33
2.8960773009043826e+33
2.901931757239197e+33
2.9076751044207016e+33
2.9133043150604e+33
2.9188162067525527e+33
2.924207425663883e+33
2.929474427489539e+33
2.9346134551987104e+33
2.9396205128298237e+33
2.9444913343736546e+33
2.9492213464777063e+33
2.953805623278161e+33
2.95823883105627e+33
2.9625151595275023e+33
2.966628235244671e+33
2.9705710105587394e+33
2.9743356183523295e+33
2.977913177452615e+33
2.9812935245155856e+33
2.9844648316875487e+33
2.987413037573785e+33
2.9901209527198256e+33
2.9925667473234445e+33
2.9947211202596276e+33
2.9965411137494536e+33
2.9979524156822624e+33
2.998749314396254e+33
