5.244375644123435e+34
5.244375644123435e+34
5.244309716068171e+34
5.244177860721659e+34
5.243980080207754e+34
5.243716377994667e+34
5.2433867588964685e+34
5.242991229073348e+34
5.242529796031687e+34
5.242002468624078e+34
5.241409257049331e+34
5.240750172852452e+34
5.240025228924624e+34
5.239234439503174e+34
5.23837782017153e+34
5.237455387859179e+34
5.236467160841604e+34
5.235413158740226e+34
5.234293402522332e+34
5.233107914500996e+34
5.231856718334995e+34
5.2305398390287155e+34
5.229157302932054e+34
5.22770913774031e+34
5.226195372494067e+34
5.224616037579079e+34
5.22297116472613e+34
5.221260787010907e+34
5.219484938853849e+34
5.217643656019997e+34
5.215736975618838e+34
5.213764936104135e+34
5.211727577273751e+34
5.209624940269476e+34
5.207457067576829e+34
5.205224003024867e+34
5.202925791785983e+34
5.2005624803756885e+34
5.198134116652402e+34
5.19564074981722e+34
5.1930824304136825e+34
5.190459210327536e+34
5.187771142786481e+34
5.185018282359922e+34
5.182200684958697e+34
5.179318407834812e+34
5.176371509581164e+34
5.1733600501312515e+34
5.170284090758883e+34
5.167143694077877e+34
5.163938924041754e+34
5.16066984594342e+34
5.157336526414842e+34
5.153939033426723e+34
5.150477436288155e+34
5.14695180564628e+34
5.143362213485935e+34
5.13970873312929e+34
5.135991439235477e+34
5.13221040780022e+34
5.128365716155444e+34
5.12445744296889e+34
5.12048566824371e+34
5.1164504733180645e+34
5.112351940864706e+34
5.108190154890556e+34
5.103965200736278e+34
5.099677165075836e+34
5.095326135916054e+34
5.090912202596156e+34
5.086435455787312e+34
5.081895987492166e+34
5.077293891044358e+34
5.0726292611080445e+34
5.067902193677402e+34
5.063112786076129e+34
5.058261136956937e+34
5.053347346301037e+34
5.048371515417615e+34
5.043333746943297e+34
5.038234144841617e+34
5.033072814402463e+34
5.027849862241523e+34
5.022565396299725e+34
5.017219525842662e+34
5.011812361460016e+34
5.006344015064967e+34
5.0008145998935975e+34
4.995224230504292e+34
4.989573022777127e+34
4.983861093913241e+34
4.978088562434221e+34
4.972255548181453e+34
4.966362172315486e+34
4.9604085573153765e+34
4.954394826978027e+34
4.948321106417519e+34
4.942187522064431e+34
4.935994201665159e+34
4.929741274281216e+34
4.923428870288533e+34
4.917057121376747e+34
4.910626160548482e+34
4.904136122118619e+34
4.897587141713562e+34
4.890979356270491e+34
4.8843129040366075e+34
4.877587924568376e+34
4.870804558730748e+34
4.863962948696386e+34
4.857063237944873e+34
4.850105571261916e+34
4.8430900947385395e+34
4.8360169557702715e+34
4.82888630305632e+34
4.821698286598739e+34
4.814453057701586e+34
4.807150768970075e+34
4.7997915743097155e+34
4.79237562892544e+34
4.784903089320732e+34
4.777374113296734e+34
4.7697888599513545e+34
4.762147489678363e+34
4.754450164166471e+34
4.746697046398412e+34
4.738888300650007e+34
4.73102409248922e+34
4.723104588775207e+34
4.715129957657354e+34
4.707100368574306e+34
4.699015992252982e+34
4.690877000707588e+34
4.682683567238617e+34
4.674435866431834e+34
4.666134074157261e+34
4.65777836756814e+34
4.649368925099901e+34
4.640905926469103e+34
4.63238955267238e+34
4.6238199859853665e+34
4.615197409961621e+34
4.60652200943153e+34
4.597793970501207e+34
4.589013480551385e+34
4.580180728236291e+34
4.57129590348251e+34
4.562359197487847e+34
4.5533708027201695e+34
4.544330912916243e+34
4.535239723080554e+34
4.526097429484125e+34
4.516904229663317e+34
4.507660322418616e+34
4.498365907813418e+34
4.489021187172795e+34
4.479626363082254e+34
4.470181639386481e+34
4.460687221188075e+34
4.451143314846275e+34
4.441550127975666e+34
4.431907869444881e+34
4.422216749375288e+34
4.412476979139668e+34
4.402688771360874e+34
4.392852339910487e+34
4.3829678999074535e+34
4.373035667716711e+34
4.363055860947806e+34
4.353028698453492e+34
4.342954400328324e+34
4.332833187907231e+34
4.322665283764082e+34
4.312450911710235e+34
4.30219029679308e+34
4.291883665294557e+34
4.281531244729673e+34
4.271133263844998e+34
4.260689952617151e+34
4.250201542251269e+34
4.239668265179466e+34
4.229090355059278e+34
4.21846804677209e+34
4.207801576421553e+34
4.197091181331984e+34
4.186337100046755e+34
4.175539572326665e+34
4.164698839148297e+34
4.1538151427023634e+34
4.142888726392031e+34
4.131919834831237e+34
4.1209087138429866e+34
4.1098556104576356e+34
4.0987607729111577e+34
4.0876244506433974e+34
4.0764468942963047e+34
4.0652283557121574e+34
4.0539690879317636e+34
4.0426693451926507e+34
4.031329382927237e+34
4.019949457760987e+34
4.00852982751055e+34
3.997070751181882e+34
3.9855724889683507e+34
3.974035302248823e+34
3.962459453585735e+34
3.9508452067231453e+34
3.9391928265847713e+34
3.9275025792720046e+34
3.9157747320619115e+34
3.904009553405214e+34
3.892207312924253e+34
3.880368281410932e+34
3.8684927308246424e+34
3.8565809342901716e+34
3.8446331660955883e+34
3.832649701690112e+34
3.8206308176819616e+34
3.808576791836183e+34
3.7964879030724597e+34
3.7843644314629e+34
3.7722066582298066e+34
3.7600148657434244e+34
3.7477893375196676e+34
3.7355303582178246e+34
3.723238213638245e+34
3.7109131907200023e+34
3.698555577538535e+34
3.6861656633032674e+34
3.6737437383552084e+34
3.661290094164526e+34
3.6488050233281003e+34
3.636288819567055e+34
3.6237417777242636e+34
3.6111641937618335e+34
3.5985563647585673e+34
3.5859185889073995e+34
3.573251165512808e+34
3.5605543949882034e+34
3.547828578853294e+34
3.535074019731423e+34
3.522291021346885e+34
3.509479888522212e+34
3.4966409271754395e+34
3.4837744443173427e+34
3.470880748048648e+34
3.4579601475572182e+34
3.445012953115211e+34
3.4320394760762097e+34
3.419040028872329e+34
3.4060149250112904e+34
3.3929644790734714e+34
3.379889006708927e+34
3.3667888246343825e+34
3.353664250630196e+34
3.3405156035372943e+34
3.3273432032540796e+34
3.314147370733304e+34
3.3009284279789154e+34
3.287686698042876e+34
3.2744225050219465e+34
3.26113617405444e+34
3.247828031316947e+34
3.234498404021028e+34
3.2211476204098723e+34
3.2077760097549284e+34
3.1943839023524987e+34
3.1809716295203033e+34
3.1675395235940106e+34
3.154087917923733e+34
3.1406171468704906e+34
3.1271275458026413e+34
3.1136194510922737e+34
3.100093200111568e+34
3.0865491312291193e+34
3.0729875838062294e+34
3.0594088981931577e+34
3.04581341572534e+34
3.0322014787195688e+34
3.018573430470137e+34
3.004929615244946e+34
2.9912703782815724e+34
2.9775960657833006e+34
2.9639070249151156e+34
2.950203603799657e+34
2.9364861515131344e+34
2.922755018081202e+34
2.9090105544747963e+34
2.8952531126059304e+34
2.881483045323449e+34
2.867700706408744e+34
2.853906450571427e+34
2.84010063344496e+34
2.8262836115822454e+34
2.812455742451173e+34
2.798617384430123e+34
2.7847688968034293e+34
2.7709106397567935e+34
2.7570429743726615e+34
2.7431662626255513e+34
2.7292808673773364e+34
2.715387152372487e+34
2.7014854822332636e+34
2.6875762224548636e+34
2.673659739400524e+34
2.6597364002965774e+34
2.645806573227459e+34
2.6318706271306682e+34
2.617928931791681e+34
2.603981857838816e+34
2.590029776738051e+34
2.576073060787789e+34
2.562112083113579e+34
2.548147217662782e+34
2.5341788391991936e+34
2.5202073232976083e+34
2.506233046338341e+34
2.4922563855016913e+34
2.4782777187623603e+34
2.4642974248838137e+34
2.4503158834125936e+34
2.4363334746725773e+34
2.4223505797591826e+34
2.4083675805335237e+34
2.3943848596165075e+34
2.3804028003828823e+34
2.366421786955228e+34
2.3524422041978932e+34
2.33846443771088e+34
2.3244888738236694e+34
2.310515899588995e+34
2.2965459027765587e+34
2.282579271866692e+34
2.268616396043962e+34
2.254657665190717e+34
2.2407034698805806e+34
2.226754201371885e+34
2.2128102516010495e+34
2.1988720131759e+34
2.1849398793689324e+34
2.171014244110517e+34
2.157095501982046e+34
2.143184048209021e+34
2.1292802786540853e+34
2.1153845898099957e+34
2.101497378792535e+34
2.0876190433333675e+34
2.073749981772836e+34
2.0598905930526973e+34
2.0460412767088022e+34
2.032202432863714e+34
2.0183744622192689e+34
2.0045577660490774e+34
1.990752746190967e+34
1.9769598050393654e+34
1.9631793455376245e+34
1.9494117711702866e+34
1.9356574859552912e+34
1.9219168944361233e+34
1.908190401673903e+34
1.8944784132394173e+34
1.880781335205094e+34
1.8670995741369167e+34
1.8534335370862834e+34
1.8397836315818079e+34
1.8261502656210626e+34
1.8125338476622673e+34
1.79893478661592e+34
1.7853534918363724e+34
1.7717903731133509e+34
1.7582458406634218e+34
1.7447203051214039e+34
1.7312141775317257e+34
1.7177278693397314e+34
1.704261792382934e+34
1.690816358882217e+34
1.6773919814329857e+34
1.6639890729962686e+34
1.65060804688977e+34
1.6372493167788751e+34
1.6239132966676073e+34
1.6106004008895408e+34
1.5973110440986683e+34
1.5840456412602244e+34
1.5708046076414687e+34
1.557588358802426e+34
1.5443973105865893e+34
1.531231879111583e+34
1.518092480759791e+34
1.5049795321689507e+34
1.4918934502227128e+34
1.4788346520411711e+34
1.4658035549713632e+34
1.4528005765777438e+34
1.4398261346326336e+34
1.4268806471066453e+34
1.4139645321590895e+34
1.4010782081283626e+34
1.3882220935223203e+34
1.3753966070086372e+34
1.3626021674051575e+34
1.3498391936702397e+34
1.3371081048930963e+34
1.3244093202841337e+34
1.3117432591652958e+34
1.299110340960413e+34
1.2865109851855628e+34
1.2739456114394429e+34
1.2614146393937641e+34
1.248918488783665e+34
1.2364575793981534e+34
1.2240323310705793e+34
1.211643163669144e+34
1.1992904970874518e+34
1.1869747512351064e+34
1.1746963460283607e+34
1.1624557013808245e+34
1.150253237194235e+34
1.1380893733492985e+34
1.1259645296966085e+34
1.113879126047647e+34
1.1018335821658766e+34
1.08982831775793e+34
1.0778637524649062e+34
1.0659403058537808e+34
1.0540583974089373e+34
1.0422184465238307e+34
1.0304208724927909e+34
1.018666094502977e+34
1.0069545316264909e+34
9.952866028126616e+33
9.836627268805122e+33
9.720833225114181e+33
9.605488082419721e+33
9.490596024570662e+33
9.376161233832044e+33
9.262187890820597e+33
9.148680174442899e+33
9.035642261836271e+33
8.923078328312569e+33
8.81099254730502e+33
8.699389090318306e+33
8.588272126882037e+33
8.477645824507829e+33
8.367514348650168e+33
8.257881862671275e+33
8.148752527810178e+33
8.040130503156229e+33
7.93201994562728e+33
7.824425009952803e+33
7.717349848662167e+33
7.610798612078384e+33
7.504775448317594e+33
7.399284503294576e+33
7.29432992073463e+33
7.189915842192131e+33
7.086046407076118e+33
6.982725752683282e+33
6.879958014238732e+33
6.77774732494494e+33
6.676097816039301e+33
6.575013616860738e+33
6.474498854925839e+33
6.374557656015003e+33
6.275194144269138e+33
6.176412442297434e+33
6.07821667129682e+33
5.980610951183689e+33
5.883599400738562e+33
5.787186137764351e+33
5.691375279258954e+33
5.596170941602944e+33
5.50157724076315e+33
5.40759829251299e+33
5.314238212670449e+33
5.221501117354676e+33
5.1293911232621893e+33
5.037912347963785e+33
4.9470689102232827e+33
4.8568649303393176e+33
4.767304530511469e+33
4.678391835232097e+33
4.5901309717053356e+33
4.502526070294803e+33
4.4155812650016723e+33
4.3293006939748736e+33
4.243688500055297e+33
4.1587488313560135e+33
4.0744858418806486e+33
3.9909036921822125e+33
3.908006550064836e+33
3.8257985913310407e+33
3.74428400057737e+33
3.663466972041395e+33
3.5833517105033606e+33
3.503942432245946e+33
3.4252433660759153e+33
3.3472587544116943e+33
3.269992854441243e+33
3.193449939354932e+33
3.117634299658512e+33
3.0425502445716804e+33
2.968202103518195e+33
2.894594227714008e+33
2.821730991860412e+33
2.7496167959498264e+33
2.6782560671925014e+33
2.60765326207316e+33
2.5378128685474305e+33
2.4687394083888116e+33
2.4004374396979283e+33
2.3329115595869604e+33
2.2661664070533683e+33
2.200206666058442e+33
2.1350370688277497e+33
2.0706623993923212e+33
2.007087497391352e+33
1.9443172621594313e+33
1.8823566571237763e+33
1.8212107145397796e+33
1.760884540596349e+33
1.701383320926148e+33
1.6427123265599544e+33
1.5848769203690582e+33
1.5278825640449908e+33
1.4717348256720547e+33
1.416439387955215e+33
1.3620020571741218e+33
1.3084287729435157e+33
1.2557256188713142e+33
1.2038988342185378e+33
1.1529548266802967e+33
1.1029001864247665e+33
1.0537417015479585e+33
1.0054863751268455e+33
9.581414440828651e+32
9.117144001030619e+32
8.662130129085022e+32
8.21645356210799e+32
7.780198367598399e+32
7.353452269619376e+32
6.93630701641334e+32
6.5288587963413e+32
6.131208710487216e+32
5.743463312093143e+32
5.365735225306937e+32
4.998143858690857e+32
4.6408162327768416e+32
4.2938879459717505e+32
3.957504309753436e+32
3.631821692991959e+32
3.31700912731426e+32
3.0132502421051208e+32
2.720745621143099e+32
2.4397157063567683e+32
2.170404423131145e+32
1.913083774881389e+32
1.6680597674098014e+32
1.4356802027600393e+32
1.216345177646561e+32
1.0105216299801615e+32
8.187641989880934e+31
6.417464460190448e+31
4.803102112975375e+31
3.3554953191932175e+31
2.0896863603267013e+31
1.0282914922167391e+31
2.1149487023560185e+30
