0
2501.250625312656
5002.501250625312
7503.751875937969
10005.002501250625
12506.25312656328
15007.503751875936
17508.754377188594
20010.00500250125
22511.255627813905
25012.50625312656
27513.756878439217
30015.007503751873
32516.25812906453
35017.50875437719
37518.75937968984
40020.0100050025
42521.260630315155
45022.51125562781
47523.76188094047
50025.01250625312
52526.26313156578
55027.513756878434
57528.76438219109
60030.015007503745
62531.2656328164
65032.51625812906
67533.76688344171
70035.01750875438
72536.26813406704
75037.5187593797
77538.76938469236
80040.02001000503
82541.27063531769
85042.52126063035
87543.77188594302
90045.02251125568
92546.27313656834
95047.523761881
97548.77438719367
100050.02501250633
102551.275637819
105052.52626313166
107553.77688844432
110055.02751375698
112556.27813906965
115057.52876438231
117558.77938969497
120060.03001500764
122561.2806403203
125062.53126563296
127563.78189094563
130065.03251625829
132566.28314157095
135067.5337668836
137568.78439219625
140070.0350175089
142571.28564282155
145072.5362681342
147573.78689344684
150075.0375187595
152576.28814407214
155077.5387693848
157578.78939469744
160080.04002001008
162581.29064532273
165082.54127063538
167583.79189594803
170085.04252126068
172586.29314657333
175087.54377188598
177588.79439719862
180090.04502251127
182591.29564782392
185092.54627313657
187593.79689844922
190095.04752376187
192596.29814907452
195097.54877438716
197598.7993996998
200100.05002501246
202601.3006503251
205102.55127563776
207603.8019009504
210105.05252626305
212606.3031515757
215107.55377688835
217608.804402201
220110.05502751365
222611.3056528263
225112.55627813895
227613.8069034516
230115.05752876424
232616.3081540769
235117.55877938954
237618.8094047022
240120.06003001484
242621.31065532748
245122.56128064013
247623.81190595278
250125.06253126543
252626.31315657808
255127.56378189073
257628.81440720338
260130.06503251602
262631.3156578287
265132.5662831414
267633.81690845406
270135.06753376673
272636.3181590794
275137.5687843921
277638.81940970477
280140.07003501744
282641.3206603301
285142.5712856428
287643.8219109555
290145.07253626816
292646.32316158083
295147.5737868935
297648.8244122062
300150.07503751887
302651.32566283154
305152.5762881442
307653.8269134569
310155.0775387696
312656.32816408225
315157.57878939493
317658.8294147076
320160.0800400203
322661.33066533296
325162.58129064564
327663.8319159583
330165.082541271
332666.3331665837
335167.58379189635
337668.83441720903
340170.0850425217
342671.3356678344
345172.58629314706
347673.83691845974
350175.0875437724
352676.3381690851
355177.5887943978
357678.83941971045
360180.0900450231
362681.3406703358
365182.5912956485
367683.84192096116
370185.09254627384
372686.3431715865
375187.5937968992
377688.84442221187
380190.09504752455
382691.3456728372
385192.5962981499
387693.8469234626
390195.09754877526
392696.34817408794
395197.5987994006
397698.8494247133
400200.10005002597
402701.35067533865
405202.6013006513
407703.851925964
410205.1025512767
412706.35317658936
415207.60380190203
417708.8544272147
420210.1050525274
422711.35567784007
425212.60630315274
427713.8569284654
430215.1075537781
432716.3581790908
435217.60880440345
437718.85942971613
440220.1100550288
442721.3606803415
445222.61130565417
447723.86193096684
450225.1125562795
452726.3631815922
455227.6138069049
457728.86443221755
460230.11505753023
462731.3656828429
465232.6163081556
467733.86693346826
470235.11755878094
472736.3681840936
475237.6188094063
477738.869434719
480240.12006003165
482741.3706853443
485242.621310657
487743.8719359697
490245.12256128236
492746.37318659504
495247.6238119077
497748.8744372204
500250.1250625331
502751.37568784575
505252.6263131584
507753.8769384711
510255.1275637838
512756.37818909646
515257.62881440914
517758.8794397218
520260.1300650345
522761.38069034717
525262.6313156598
527763.8819409725
530265.1325662852
532766.3831915979
535267.6338169106
537768.8844422232
540270.1350675359
542771.3856928486
545272.6363181613
547773.886943474
550275.1375687866
552776.3881940993
555277.638819412
557778.8894447247
560280.1400700373
562781.39069535
565282.6413206627
567783.8919459754
570285.142571288
572786.3931966007
575287.6438219134
577788.8944472261
580290.1450725388
582791.3956978514
585292.6463231641
587793.8969484768
590295.1475737895
592796.3981991021
595297.6488244148
597798.8994497275
600300.1500750402
602801.4007003529
605302.6513256655
607803.9019509782
610305.1525762909
612806.4032016036
615307.6538269162
617808.9044522289
620310.1550775416
622811.4057028543
625312.656328167
627813.9069534796
630315.1575787923
632816.408204105
635317.6588294177
637818.9094547303
640320.160080043
642821.4107053557
645322.6613306684
647823.911955981
650325.1625812937
652826.4132066064
655327.6638319191
657828.9144572318
660330.1650825444
662831.4157078571
665332.6663331698
667833.9169584825
670335.1675837951
672836.4182091078
675337.6688344205
677838.9194597332
680340.1700850459
682841.4207103585
685342.6713356712
687843.9219609839
690345.1725862966
692846.4232116092
695347.6738369219
697848.9244622346
700350.1750875473
702851.42571286
705352.6763381726
707853.9269634853
710355.177588798
712856.4282141107
715357.6788394233
717858.929464736
720360.1800900487
722861.4307153614
725362.681340674
727863.9319659867
730365.1825912994
732866.4332166121
735367.6838419248
737868.9344672374
740370.1850925501
742871.4357178628
745372.6863431755
747873.9369684882
750375.1875938008
752876.4382191135
755377.6888444262
757878.9394697389
760380.1900950515
762881.4407203642
765382.6913456769
767883.9419709896
770385.1925963023
772886.4432216149
775387.6938469276
777888.9444722403
780390.195097553
782891.4457228656
785392.6963481783
787893.946973491
790395.1975988037
792896.4482241163
795397.698849429
797898.9494747417
800400.2001000544
802901.4507253671
805402.7013506797
807903.9519759924
810405.2026013051
812906.4532266178
815407.7038519304
817908.9544772431
820410.2051025558
822911.4557278685
825412.7063531812
827913.9569784938
830415.2076038065
832916.4582291192
835417.7088544319
837918.9594797445
840420.2101050572
842921.4607303699
845422.7113556826
847923.9619809953
850425.2126063079
852926.4632316206
855427.7138569333
857928.964482246
860430.2151075586
862931.4657328713
865432.716358184
867933.9669834967
870435.2176088094
872936.468234122
875437.7188594347
877938.9694847474
880440.2201100601
882941.4707353727
885442.7213606854
887943.9719859981
890445.2226113108
892946.4732366235
895447.7238619361
897948.9744872488
900450.2251125615
902951.4757378742
905452.7263631868
907953.9769884995
910455.2276138122
912956.4782391249
915457.7288644376
917958.9794897502
920460.2301150629
922961.4807403756
925462.7313656883
927963.9819910009
930465.2326163136
932966.4832416263
935467.733866939
937968.9844922516
940470.2351175643
942971.485742877
945472.7363681897
947973.9869935024
950475.237618815
952976.4882441277
955477.7388694404
957978.9894947531
960480.2401200657
962981.4907453784
965482.7413706911
967983.9919960038
970485.2426213165
972986.4932466291
975487.7438719418
977988.9944972545
980490.2451225672
982991.4957478798
985492.7463731925
987993.9969985052
990495.2476238179
992996.4982491306
995497.7488744432
997998.9994997559
1000500.2501250686
1003001.5007503813
1005502.751375694
1008004.0020010066
1010505.2526263193
1013006.503251632
1015507.7538769447
1018009.0045022573
1020510.25512757
1023011.5057528827
1025512.7563781954
1028014.007003508
1030515.2576288207
1033016.5082541334
1035517.7588794461
1038019.0095047588
1040520.2601300714
1043021.5107553841
1045522.7613806968
1048024.0120060095
1050525.262631322
1053026.5132566346
1055527.7638819471
1058029.0145072597
1060530.2651325723
1063031.5157578848
1065532.7663831974
1068034.01700851
1070535.2676338225
1073036.518259135
1075537.7688844476
1078039.0195097602
1080540.2701350728
1083041.5207603853
1085542.7713856979
1088044.0220110104
1090545.272636323
1093046.5232616356
1095547.7738869481
1098049.0245122607
1100550.2751375732
1103051.5257628858
1105552.7763881984
1108054.027013511
1110555.2776388235
1113056.528264136
1115557.7788894486
1118059.0295147612
1120560.2801400737
1123061.5307653863
1125562.7813906989
1128064.0320160114
1130565.282641324
1133066.5332666365
1135567.783891949
1138069.0345172617
1140570.2851425742
1143071.5357678868
1145572.7863931993
1148074.037018512
1150575.2876438245
1153076.538269137
1155577.7888944496
1158079.0395197622
1160580.2901450747
1163081.5407703873
1165582.7913956998
1168084.0420210124
1170585.292646325
1173086.5432716375
1175587.79389695
1178089.0445222626
1180590.2951475752
1183091.5457728878
1185592.7963982003
1188094.047023513
1190595.2976488254
1193096.548274138
1195597.7988994506
1198099.0495247631
1200600.3001500757
1203101.5507753883
1205602.8014007008
1208104.0520260134
1210605.302651326
1213106.5532766385
1215607.803901951
1218109.0545272636
1220610.3051525762
1223111.5557778887
1225612.8064032013
1228114.0570285139
1230615.3076538264
1233116.558279139
1235617.8089044516
1238119.059529764
1240620.3101550767
1243121.5607803892
1245622.8114057018
1248124.0620310144
1250625.312656327
1253126.5632816395
1255627.813906952
1258129.0645322646
1260630.3151575772
1263131.5657828897
1265632.8164082023
1268134.0670335148
1270635.3176588274
1273136.56828414
1275637.8189094525
1278139.069534765
1280640.3201600777
1283141.5707853902
1285642.8214107028
1288144.0720360153
1290645.322661328
1293146.5732866405
1295647.823911953
1298149.0745372656
1300650.3251625781
1303151.5757878907
1305652.8264132033
1308154.0770385158
1310655.3276638284
1313156.578289141
1315657.8289144535
1318159.079539766
1320660.3301650786
1323161.5807903912
1325662.8314157038
1328164.0820410163
1330665.3326663289
1333166.5832916414
1335667.833916954
1338169.0845422666
1340670.3351675791
1343171.5857928917
1345672.8364182042
1348174.0870435168
1350675.3376688294
1353176.588294142
1355677.8389194545
1358179.089544767
1360680.3401700796
1363181.5907953922
1365682.8414207047
1368184.0920460173
1370685.3426713299
1373186.5932966424
1375687.843921955
1378189.0945472675
1380690.34517258
1383191.5957978927
1385692.8464232052
1388194.0970485178
1390695.3476738303
1393196.598299143
1395697.8489244555
1398199.099549768
1400700.3501750806
1403201.6008003931
1405702.8514257057
1408204.1020510183
1410705.3526763308
1413206.6033016434
1415707.853926956
1418209.1045522685
